shapes = [ ...
1.300000 0.789103 3.799476 0.984836 1.000000 0.003259 2; ...
1.252747 0.796800 3.809851 0.986571 0.673452 0.003850 3; ...
1.225000 0.782239 3.824878 0.974563 0.665579 0.012098 3; ...
3.192308 0.797961 4.681802 0.972997 0.323784 0.009153 4; ...
1.116279 0.568072 4.782451 0.926652 1.000000 0.153998 1; ...
1.303030 0.992600 4.148308 0.946397 1.000000 0.000560 0; ...
1.333333 0.772917 3.831693 0.977898 1.000000 0.015248 2; ...
1.800000 0.984201 4.255703 0.977774 1.000000 0.004011 0; ...
2.970588 0.792953 4.575457 0.977231 0.263435 0.005577 4; ...
1.264151 0.783160 3.817324 0.982920 1.000000 0.005653 2; ...
1.132770 0.553379 4.941625 0.919042 1.000000 0.163334 1; ...
1.101695 0.542634 4.865309 0.932004 1.000000 0.162494 1; ...
1.250000 0.784000 3.808417 0.985402 0.665612 0.010547 3; ...
2.653846 0.793757 4.424561 0.974368 0.339099 0.011639 4; ...
1.523809 0.999174 4.231585 0.986182 1.000000 0.000210 0; ...
];

testshapes = [ ...
1.202128 0.798908 3.854560 0.984916 0.664992 0.010551 3; ...
1.150000 0.552053 4.865037 0.926931 1.000000 0.165106 1; ...
2.229167 0.796924 4.255488 0.973003 0.216196 0.005766 4; ...
1.264865 0.788138 3.892278 0.990064 1.000000 0.002579 2; ...
1.444444 0.544516 4.986688 0.921735 1.000000 0.128206 1; ...
1.311475 0.781250 3.867163 0.979410 1.000000 0.004453 2; ...
1.015625 0.980770 4.164008 0.971691 1.000000 0.006750 0; ...
1.278689 0.787411 3.827415 0.983318 0.680375 0.008912 3; ...
1.951220 0.993140 4.406493 0.971911 1.000000 0.004054 0; ...
3.380000 0.799231 4.782893 0.982602 0.188668 0.005738 4; ...
];

train1 = [ ...
2.340909 0.800971 4.253870 0.983471 1.000000 0.000000 7; ...
1.130435 0.855978 8.714656 0.536264 1.000000 0.073861 9; ...
1.077161 0.944905 8.274837 0.628387 1.000000 0.010923 8; ...
1.000000 0.807347 3.729358 0.987867 0.718526 0.000002 3; ...
1.666667 0.799320 3.925923 0.984681 1.000000 0.000000 7; ...
1.733674 0.692838 4.854157 0.855853 1.000000 0.010219 6; ...
1.604678 0.942295 9.572125 0.451090 1.000000 0.009675 8; ...
1.000000 0.814059 3.722590 0.983287 0.781870 0.000001 3; ...
1.476190 0.786482 7.641527 0.567383 1.000000 0.113201 9; ...
1.371380 0.757652 4.832402 0.837900 1.000000 0.005067 6; ...
1.206897 0.966995 8.486420 0.627611 1.000000 0.013628 8; ...
1.418460 0.690571 11.319097 0.302895 1.000000 0.123585 9; ...
1.615291 0.707533 4.647362 0.882826 1.000000 0.014784 6; ...
1.000000 0.793000 3.744858 0.991425 0.801832 0.000000 3; ...
2.903226 0.807885 4.501851 0.979592 1.000000 0.000000 7; ...
];

train2 = [ ...
1.666667 0.799320 3.925923 0.984681 1.000000 0.000000 7; ...
1.491228 0.806811 7.172168 0.624073 1.000000 0.103643 9; ...
1.733674 0.692838 4.854157 0.855853 1.000000 0.010219 6; ...
1.000000 0.799039 3.724853 0.991089 0.791414 0.000000 3; ...
2.340909 0.800971 4.253870 0.983471 1.000000 0.000000 7; ...
1.349809 0.763731 4.744691 0.840711 1.000000 0.011914 6; ...
1.615291 0.707533 4.647362 0.882826 1.000000 0.014784 6; ...
1.169014 0.961141 8.129927 0.669315 1.000000 0.015999 8; ...
1.606061 0.705832 8.759584 0.477926 1.000000 0.149141 9; ...
1.060000 0.867359 8.679526 0.570590 1.000000 0.067357 9; ...
1.628492 0.942103 10.041191 0.418801 1.000000 0.008667 8; ...
1.000000 0.793000 3.744858 0.991425 0.801832 0.000000 3; ...
1.000000 0.807347 3.729358 0.987867 0.718526 0.000000 3; ...
2.215385 0.798504 4.182146 0.988226 1.000000 0.000000 7; ...
1.056604 0.968834 9.918701 0.503738 1.000000 0.016490 8; ...
];

match1 = [ ...
1.349809 0.763731 4.744691 0.840711 1.000000 0.011914 6; ...
1.000000 0.814059 3.722590 0.983287 0.781870 0.000000 3; ...
1.000000 0.793000 3.744858 0.991425 0.781608 0.000000 3; ...
2.215385 0.798504 4.182146 0.988226 1.000000 0.000000 7; ...
1.222222 0.818586 7.289499 0.624136 1.000000 0.071070 9; ...
1.094595 0.829830 7.205375 0.684560 1.000000 0.082629 9; ...
2.903226 0.807885 4.501851 0.979592 1.000000 0.000000 7; ...
1.328125 0.986949 8.270407 0.610915 1.000000 0.006555 8; ...
1.108696 0.963342 11.897695 0.395354 1.000000 0.018202 8; ...
1.733674 0.692838 4.854157 0.855853 1.000000 0.010219 6; ...
];

match2 = [ ...
1.588235 0.939542 9.923701 0.427536 1.000000 0.019280 8; ...
1.000000 0.799039 3.724853 0.991089 0.791414 0.000001 3; ...
2.340909 0.800971 4.253870 0.983471 1.000000 0.000000 7; ...
1.128571 0.852803 8.737276 0.546332 1.000000 0.074985 9; ...
1.615291 0.707533 4.647362 0.882826 1.000000 0.014785 6; ...
1.371380 0.757652 4.832402 0.837900 1.000000 0.005067 6; ...
1.254902 0.826593 7.259881 0.627131 1.000000 0.073546 9; ...
1.328125 0.986949 8.270407 0.610915 1.000000 0.006555 8; ...
1.000000 0.807347 3.729358 0.987867 0.718526 0.000001 3; ...
2.215385 0.798504 4.182146 0.988226 1.000000 0.000000 7; ...
];

